0	2	 0.92 	 0.26 	 0.13 	 0.80 	 0.01 	 0.43 	 0.22 	 0.003 	 0.09 	 0.00 	 6.78 
2	5	 0.92 	 0.26 	 0.13 	 0.20 	 0.04 	 0.43 	 0.22 	 0.003 	 0.07 	 0.00 	 6.78 
5	10	 1.23 	 0.27 	 0.13 	 0.0   	 0.25 	 0.42 	 0.22 	 0.002 	 0.05 	 0.00 	 6.65 
10	20	 1.44 	 0.27 	 0.14 	 0.0   	 0.30 	 0.40 	 0.23 	 0.001 	 0.02 	 0.00 	 6.66 
20	30	 1.44 	 0.27 	 0.14 	 0.0   	 0.10 	 0.40 	 0.23 	 0.001 	 0.0   	 0.00 	 6.66 
30	45	 1.62 	 0.33 	 0.19 	 0.0   	 0.05 	 0.31 	 0.34 	 0.001 	 0.0   	 0.00 	 6.70 
45	60	 1.68 	 0.37 	 0.22 	 0.0   	 0.04 	 0.23 	 0.40 	 0.001 	 0.0   	 0.00 	 6.48 
60	75	 1.68 	 0.37 	 0.22 	 0.0   	 0.03 	 0.23 	 0.40 	 0.001 	 0.0   	 0.00 	 6.48 
75	90	 1.68 	 0.37 	 0.22 	 0.0   	 0.02 	 0.23 	 0.40 	 0.001 	 0.0   	 0.00 	 6.48 
90	105	 1.68 	 0.37 	 0.22 	 0.0   	 0.01 	 0.23 	 0.40 	 0.001 	 0.0   	 0.00 	 6.48 
105	120	 1.68 	 0.37 	 0.22 	 0.0   	 0.0   	 0.23 	 0.40 	 0.001 	 0.0   	 0.00 	 6.48 
120	150	 1.68 	 0.37 	 0.22 	 0.0   	 0.0   	 0.23 	 0.40 	 0.001 	 0.0   	 0.00 	 6.48 
150	180	 1.68 	 0.37 	 0.22 	 0.0   	 0.0   	 0.23 	 0.40 	 0.001 	 0.0   	 0.00 	 6.48 

