  0.0   2.0  1.34  0.31404  0.08248  0.80  0.01  0.15  0.10  0.01  0.07  0.00213  5.40
  2.0   5.0  1.34  0.31404  0.08248  0.20  0.04  0.15  0.10  0.01  0.05  0.00213  5.40
  5.0  10.0  1.34  0.31404  0.08248  0.00  0.25  0.15  0.10  0.01  0.03  0.00213  5.40
 10.0  20.0  1.34  0.31404  0.08248  0.00  0.30  0.15  0.10  0.01  0.01  0.00213  5.40
 20.0  30.0  1.34  0.31404  0.08248  0.00  0.10  0.15  0.10  0.01  0.00  0.00213  5.40
 30.0  45.0  1.34  0.31404  0.08248  0.00  0.05  0.15  0.10  0.01  0.00  0.00213  5.40
 45.0  60.0  1.34  0.31404  0.08248  0.00  0.04  0.15  0.10  0.01  0.00  0.00213  5.40
 60.0  75.0  1.34  0.31404  0.08248  0.00  0.03  0.15  0.10  0.01  0.00  0.00213  5.40
 75.0  90.0  1.34  0.31404  0.08248  0.00  0.02  0.15  0.10  0.01  0.00  0.00213  5.40
 90.0 105.0  1.34  0.31404  0.08248  0.00  0.01  0.15  0.10  0.01  0.00  0.00213  5.40
105.0 120.0  1.34  0.31404  0.08248  0.00  0.00  0.15  0.10  0.01  0.00  0.00213  5.40
120.0 150.0  1.34  0.31404  0.08248  0.00  0.00  0.15  0.10  0.01  0.00  0.00213  5.40
150.0 180.0  1.34  0.31404  0.08248  0.00  0.00  0.15  0.10  0.01  0.00  0.00213  5.40
180.0 210.0  1.34  0.31404  0.08248  0.00  0.00  0.15  0.10  0.01  0.00  0.00213  5.40
